Nome TFC,Entrada GC,Entrada QC,Saida GC,Saida QC,Delta GC,Delta QC,Metodo
./tfcs/edinelco/s1/S1-2quali.tfc,8,38,8,37,0,1,antigo
./tfcs/edinelco/s1/S1-2quali.tfc,8,38,8,38,0,0,novo
./tfcs/edinelco/s1/S1-2quali.tfc,8,38,8,37,0,1,antigo-novo
./tfcs/edinelco/s1/S1-2quali.tfc,8,38,8,38,0,0,novo-antigo
./tfcs/edinelco/s1/S1-2quali_inv.tfc,7,29,7,28,0,1,antigo
./tfcs/edinelco/s1/S1-2quali_inv.tfc,7,29,7,29,0,0,novo
./tfcs/edinelco/s1/S1-2quali_inv.tfc,7,29,7,29,0,0,antigo-novo
./tfcs/edinelco/s1/S1-2quali_inv.tfc,7,29,7,29,0,0,novo-antigo
./tfcs/edinelco/s1/S1-2quali_inv_inv.tfc,8,38,8,37,0,1,antigo
./tfcs/edinelco/s1/S1-2quali_inv_inv.tfc,8,38,8,38,0,0,novo
./tfcs/edinelco/s1/S1-2quali_inv_inv.tfc,8,38,8,37,0,1,antigo-novo
./tfcs/edinelco/s1/S1-2quali_inv_inv.tfc,8,38,8,38,0,0,novo-antigo
./tfcs/edinelco/s1/S1-3_17.tfc,6,26,5,22,1,4,antigo
./tfcs/edinelco/s1/S1-3_17.tfc,6,26,5,22,1,4,novo
./tfcs/edinelco/s1/S1-3_17.tfc,6,26,5,22,1,4,antigo-novo
./tfcs/edinelco/s1/S1-3_17.tfc,6,26,5,22,1,4,novo-antigo
./tfcs/edinelco/s1/S1-3_17_inv.tfc,9,46,8,37,1,9,antigo
./tfcs/edinelco/s1/S1-3_17_inv.tfc,9,46,8,38,1,8,novo
./tfcs/edinelco/s1/S1-3_17_inv.tfc,9,46,8,37,1,9,antigo-novo
./tfcs/edinelco/s1/S1-3_17_inv.tfc,9,46,8,38,1,8,novo-antigo
./tfcs/edinelco/s1/S1-4_49.tfc,18,198,18,198,0,0,antigo
./tfcs/edinelco/s1/S1-4_49.tfc,18,198,20,192,-2,6,novo
./tfcs/edinelco/s1/S1-4_49.tfc,18,198,20,192,-2,6,antigo-novo
./tfcs/edinelco/s1/S1-4_49.tfc,18,198,18,182,0,16,novo-antigo
./tfcs/edinelco/s1/S1-4_49_inv.tfc,16,159,16,159,0,0,antigo
./tfcs/edinelco/s1/S1-4_49_inv.tfc,16,159,16,159,0,0,novo
./tfcs/edinelco/s1/S1-4_49_inv.tfc,16,159,16,159,0,0,antigo-novo
./tfcs/edinelco/s1/S1-4_49_inv.tfc,16,159,16,159,0,0,novo-antigo
./tfcs/edinelco/s1/S1-4b15g_1.tfc,19,189,19,189,0,0,antigo
./tfcs/edinelco/s1/S1-4b15g_1.tfc,19,189,19,189,0,0,novo
./tfcs/edinelco/s1/S1-4b15g_1.tfc,19,189,19,189,0,0,antigo-novo
./tfcs/edinelco/s1/S1-4b15g_1.tfc,19,189,19,189,0,0,novo-antigo
./tfcs/edinelco/s1/S1-4b15g_1_inv.tfc,22,240,22,240,0,0,antigo
./tfcs/edinelco/s1/S1-4b15g_1_inv.tfc,22,240,22,240,0,0,novo
./tfcs/edinelco/s1/S1-4b15g_1_inv.tfc,22,240,22,240,0,0,antigo-novo
./tfcs/edinelco/s1/S1-4b15g_1_inv.tfc,22,240,22,240,0,0,novo-antigo
./tfcs/edinelco/s1/S1-4b15g_2.tfc,17,122,17,122,0,0,antigo
./tfcs/edinelco/s1/S1-4b15g_2.tfc,17,122,17,122,0,0,novo
./tfcs/edinelco/s1/S1-4b15g_2.tfc,17,122,17,122,0,0,antigo-novo
./tfcs/edinelco/s1/S1-4b15g_2.tfc,17,122,17,122,0,0,novo-antigo
./tfcs/edinelco/s1/S1-4b15g_2_inv.tfc,23,232,22,210,1,22,antigo
./tfcs/edinelco/s1/S1-4b15g_2_inv.tfc,23,232,25,238,-2,-6,novo
./tfcs/edinelco/s1/S1-4b15g_2_inv.tfc,23,232,26,210,-3,22,antigo-novo
./tfcs/edinelco/s1/S1-4b15g_2_inv.tfc,23,232,22,210,1,22,novo-antigo
./tfcs/edinelco/s1/S1-4b15g_3.tfc,23,210,22,189,1,21,antigo
./tfcs/edinelco/s1/S1-4b15g_3.tfc,23,210,23,210,0,0,novo
./tfcs/edinelco/s1/S1-4b15g_3.tfc,23,210,22,189,1,21,antigo-novo
./tfcs/edinelco/s1/S1-4b15g_3.tfc,23,210,22,189,1,21,novo-antigo
./tfcs/edinelco/s1/S1-4b15g_3_inv.tfc,17,151,17,151,0,0,antigo
./tfcs/edinelco/s1/S1-4b15g_3_inv.tfc,17,151,17,151,0,0,novo
./tfcs/edinelco/s1/S1-4b15g_3_inv.tfc,17,151,17,151,0,0,antigo-novo
./tfcs/edinelco/s1/S1-4b15g_3_inv.tfc,17,151,17,151,0,0,novo-antigo
./tfcs/edinelco/s1/S1-4b15g_4.tfc,19,210,19,210,0,0,antigo
./tfcs/edinelco/s1/S1-4b15g_4.tfc,19,210,19,210,0,0,novo
./tfcs/edinelco/s1/S1-4b15g_4.tfc,19,210,19,210,0,0,antigo-novo
./tfcs/edinelco/s1/S1-4b15g_4.tfc,19,210,19,210,0,0,novo-antigo
./tfcs/edinelco/s1/S1-4b15g_4_inv.tfc,19,210,19,210,0,0,antigo
./tfcs/edinelco/s1/S1-4b15g_4_inv.tfc,19,210,19,210,0,0,novo
./tfcs/edinelco/s1/S1-4b15g_4_inv.tfc,19,210,19,210,0,0,antigo-novo
./tfcs/edinelco/s1/S1-4b15g_4_inv.tfc,19,210,19,210,0,0,novo-antigo
./tfcs/edinelco/s1/S1-4b15g_5.tfc,25,284,23,258,2,26,antigo
./tfcs/edinelco/s1/S1-4b15g_5.tfc,25,284,23,258,2,26,novo
./tfcs/edinelco/s1/S1-4b15g_5.tfc,25,284,23,258,2,26,antigo-novo
./tfcs/edinelco/s1/S1-4b15g_5.tfc,25,284,23,258,2,26,novo-antigo
./tfcs/edinelco/s1/S1-4b15g_5_inv.tfc,25,286,22,236,3,50,antigo
./tfcs/edinelco/s1/S1-4b15g_5_inv.tfc,25,286,23,257,2,29,novo
./tfcs/edinelco/s1/S1-4b15g_5_inv.tfc,25,286,22,236,3,50,antigo-novo
./tfcs/edinelco/s1/S1-4b15g_5_inv.tfc,25,286,22,236,3,50,novo-antigo
./tfcs/edinelco/s1/S1-CGWZ.tfc,7,35,6,26,1,9,antigo
./tfcs/edinelco/s1/S1-CGWZ.tfc,7,35,6,26,1,9,novo
./tfcs/edinelco/s1/S1-CGWZ.tfc,7,35,6,26,1,9,antigo-novo
./tfcs/edinelco/s1/S1-CGWZ.tfc,7,35,6,26,1,9,novo-antigo
./tfcs/edinelco/s1/S1-CGWZ_inv.tfc,7,33,6,31,1,2,antigo
./tfcs/edinelco/s1/S1-CGWZ_inv.tfc,7,33,7,33,0,0,novo
./tfcs/edinelco/s1/S1-CGWZ_inv.tfc,7,33,6,31,1,2,antigo-novo
./tfcs/edinelco/s1/S1-CGWZ_inv.tfc,7,33,7,33,0,0,novo-antigo
./tfcs/edinelco/s1/S1-DKMFR.tfc,8,30,8,30,0,0,antigo
./tfcs/edinelco/s1/S1-DKMFR.tfc,8,30,8,30,0,0,novo
./tfcs/edinelco/s1/S1-DKMFR.tfc,8,30,8,31,0,-1,antigo-novo
./tfcs/edinelco/s1/S1-DKMFR.tfc,8,30,8,30,0,0,novo-antigo
./tfcs/edinelco/s1/S1-DKMFR_inv.tfc,8,31,8,31,0,0,antigo
./tfcs/edinelco/s1/S1-DKMFR_inv.tfc,8,31,8,31,0,0,novo
./tfcs/edinelco/s1/S1-DKMFR_inv.tfc,8,31,8,30,0,1,antigo-novo
./tfcs/edinelco/s1/S1-DKMFR_inv.tfc,8,31,8,31,0,0,novo-antigo
./tfcs/edinelco/s1/S1-ED19.tfc,7,25,7,25,0,0,antigo
./tfcs/edinelco/s1/S1-ED19.tfc,7,25,7,25,0,0,novo
./tfcs/edinelco/s1/S1-ED19.tfc,7,25,7,25,0,0,antigo-novo
./tfcs/edinelco/s1/S1-ED19.tfc,7,25,7,25,0,0,novo-antigo
./tfcs/edinelco/s1/S1-ED19_inv.tfc,5,14,5,14,0,0,antigo
./tfcs/edinelco/s1/S1-ED19_inv.tfc,5,14,5,14,0,0,novo
./tfcs/edinelco/s1/S1-ED19_inv.tfc,5,14,5,14,0,0,antigo-novo
./tfcs/edinelco/s1/S1-ED19_inv.tfc,5,14,5,14,0,0,novo-antigo
./tfcs/edinelco/s1/S1-ED19_inv_inv.tfc,7,25,7,25,0,0,antigo
./tfcs/edinelco/s1/S1-ED19_inv_inv.tfc,7,25,7,25,0,0,novo
./tfcs/edinelco/s1/S1-ED19_inv_inv.tfc,7,25,7,25,0,0,antigo-novo
./tfcs/edinelco/s1/S1-ED19_inv_inv.tfc,7,25,7,25,0,0,novo-antigo
./tfcs/edinelco/s1/S1-Gupta0.tfc,3,10,3,9,0,1,antigo
./tfcs/edinelco/s1/S1-Gupta0.tfc,3,10,3,10,0,0,novo
./tfcs/edinelco/s1/S1-Gupta0.tfc,3,10,3,9,0,1,antigo-novo
./tfcs/edinelco/s1/S1-Gupta0.tfc,3,10,3,10,0,0,novo-antigo
./tfcs/edinelco/s1/S1-Gupta0_inv.tfc,3,7,3,7,0,0,antigo
./tfcs/edinelco/s1/S1-Gupta0_inv.tfc,3,7,3,7,0,0,novo
./tfcs/edinelco/s1/S1-Gupta0_inv.tfc,3,7,3,7,0,0,antigo-novo
./tfcs/edinelco/s1/S1-Gupta0_inv.tfc,3,7,3,7,0,0,novo-antigo
./tfcs/edinelco/s1/S1-Gupta1.tfc,3,11,3,11,0,0,antigo
./tfcs/edinelco/s1/S1-Gupta1.tfc,3,11,3,11,0,0,novo
./tfcs/edinelco/s1/S1-Gupta1.tfc,3,11,3,11,0,0,antigo-novo
./tfcs/edinelco/s1/S1-Gupta1.tfc,3,11,3,11,0,0,novo-antigo
./tfcs/edinelco/s1/S1-Gupta1_inv.tfc,3,11,3,11,0,0,antigo
./tfcs/edinelco/s1/S1-Gupta1_inv.tfc,3,11,3,11,0,0,novo
./tfcs/edinelco/s1/S1-Gupta1_inv.tfc,3,11,3,11,0,0,antigo-novo
./tfcs/edinelco/s1/S1-Gupta1_inv.tfc,3,11,3,11,0,0,novo-antigo
./tfcs/edinelco/s1/S1-MMD03.tfc,6,26,6,25,0,1,antigo
./tfcs/edinelco/s1/S1-MMD03.tfc,6,26,6,26,0,0,novo
./tfcs/edinelco/s1/S1-MMD03.tfc,6,26,6,25,0,1,antigo-novo
./tfcs/edinelco/s1/S1-MMD03.tfc,6,26,6,26,0,0,novo-antigo
./tfcs/edinelco/s1/S1-MMD03_inv.tfc,4,14,4,14,0,0,antigo
./tfcs/edinelco/s1/S1-MMD03_inv.tfc,4,14,4,14,0,0,novo
./tfcs/edinelco/s1/S1-MMD03_inv.tfc,4,14,4,14,0,0,antigo-novo
./tfcs/edinelco/s1/S1-MMD03_inv.tfc,4,14,4,14,0,0,novo-antigo
./tfcs/edinelco/s1/S1-MMD04.tfc,3,7,3,7,0,0,antigo
./tfcs/edinelco/s1/S1-MMD04.tfc,3,7,3,7,0,0,novo
./tfcs/edinelco/s1/S1-MMD04.tfc,3,7,3,7,0,0,antigo-novo
./tfcs/edinelco/s1/S1-MMD04.tfc,3,7,3,7,0,0,novo-antigo
./tfcs/edinelco/s1/S1-MMD04_inv.tfc,5,17,5,17,0,0,antigo
./tfcs/edinelco/s1/S1-MMD04_inv.tfc,5,17,5,17,0,0,novo
./tfcs/edinelco/s1/S1-MMD04_inv.tfc,5,17,5,17,0,0,antigo-novo
./tfcs/edinelco/s1/S1-MMD04_inv.tfc,5,17,5,17,0,0,novo-antigo
./tfcs/edinelco/s1/S1-MMD05.tfc,3,10,3,9,0,1,antigo
./tfcs/edinelco/s1/S1-MMD05.tfc,3,10,3,10,0,0,novo
./tfcs/edinelco/s1/S1-MMD05.tfc,3,10,3,9,0,1,antigo-novo
./tfcs/edinelco/s1/S1-MMD05.tfc,3,10,3,10,0,0,novo-antigo
./tfcs/edinelco/s1/S1-MMD05_inv.tfc,3,7,3,7,0,0,antigo
./tfcs/edinelco/s1/S1-MMD05_inv.tfc,3,7,3,7,0,0,novo
./tfcs/edinelco/s1/S1-MMD05_inv.tfc,3,7,3,7,0,0,antigo-novo
./tfcs/edinelco/s1/S1-MMD05_inv.tfc,3,7,3,7,0,0,novo-antigo
./tfcs/edinelco/s1/S1-MMD07.tfc,4,16,4,16,0,0,antigo
./tfcs/edinelco/s1/S1-MMD07.tfc,4,16,4,17,0,-1,novo
./tfcs/edinelco/s1/S1-MMD07.tfc,4,16,4,17,0,-1,antigo-novo
./tfcs/edinelco/s1/S1-MMD07.tfc,4,16,4,17,0,-1,novo-antigo
./tfcs/edinelco/s1/S1-MMD07_inv.tfc,4,16,4,16,0,0,antigo
./tfcs/edinelco/s1/S1-MMD07_inv.tfc,4,16,4,17,0,-1,novo
./tfcs/edinelco/s1/S1-MMD07_inv.tfc,4,16,4,17,0,-1,antigo-novo
./tfcs/edinelco/s1/S1-MMD07_inv.tfc,4,16,4,17,0,-1,novo-antigo
./tfcs/edinelco/s1/S1-RCFK.tfc,8,34,6,22,2,12,antigo
./tfcs/edinelco/s1/S1-RCFK.tfc,8,34,8,26,0,8,novo
./tfcs/edinelco/s1/S1-RCFK.tfc,8,34,6,22,2,12,antigo-novo
./tfcs/edinelco/s1/S1-RCFK.tfc,8,34,8,26,0,8,novo-antigo
./tfcs/edinelco/s1/S1-RCFK_inv.tfc,8,33,7,30,1,3,antigo
./tfcs/edinelco/s1/S1-RCFK_inv.tfc,8,33,8,33,0,0,novo
./tfcs/edinelco/s1/S1-RCFK_inv.tfc,8,33,7,32,1,1,antigo-novo
./tfcs/edinelco/s1/S1-RCFK_inv.tfc,8,33,8,33,0,0,novo-antigo
./tfcs/edinelco/s1/S1-RFMK1.tfc,7,25,7,23,0,2,antigo
./tfcs/edinelco/s1/S1-RFMK1.tfc,7,25,7,25,0,0,novo
./tfcs/edinelco/s1/S1-RFMK1.tfc,7,25,7,25,0,0,antigo-novo
./tfcs/edinelco/s1/S1-RFMK1.tfc,7,25,7,25,0,0,novo-antigo
./tfcs/edinelco/s1/S1-RFMK1_inv.tfc,5,13,5,15,0,-2,antigo
./tfcs/edinelco/s1/S1-RFMK1_inv.tfc,5,13,5,13,0,0,novo
./tfcs/edinelco/s1/S1-RFMK1_inv.tfc,5,13,5,15,0,-2,antigo-novo
./tfcs/edinelco/s1/S1-RFMK1_inv.tfc,5,13,5,13,0,0,novo-antigo
./tfcs/edinelco/s1/S1-RFMK1_inv_inv.tfc,7,25,7,23,0,2,antigo
./tfcs/edinelco/s1/S1-RFMK1_inv_inv.tfc,7,25,7,25,0,0,novo
./tfcs/edinelco/s1/S1-RFMK1_inv_inv.tfc,7,25,7,25,0,0,antigo-novo
./tfcs/edinelco/s1/S1-RFMK1_inv_inv.tfc,7,25,7,25,0,0,novo-antigo
./tfcs/edinelco/s1/S1-RFMK2.tfc,4,10,4,11,0,-1,antigo
./tfcs/edinelco/s1/S1-RFMK2.tfc,4,10,4,10,0,0,novo
./tfcs/edinelco/s1/S1-RFMK2.tfc,4,10,4,11,0,-1,antigo-novo
./tfcs/edinelco/s1/S1-RFMK2.tfc,4,10,4,10,0,0,novo-antigo
./tfcs/edinelco/s1/S1-RFMK2_inv.tfc,4,8,4,8,0,0,antigo
./tfcs/edinelco/s1/S1-RFMK2_inv.tfc,4,8,4,8,0,0,novo
./tfcs/edinelco/s1/S1-RFMK2_inv.tfc,4,8,4,8,0,0,antigo-novo
./tfcs/edinelco/s1/S1-RFMK2_inv.tfc,4,8,4,8,0,0,novo-antigo
./tfcs/edinelco/s1/S1-RFMK3.tfc,4,8,4,8,0,0,antigo
./tfcs/edinelco/s1/S1-RFMK3.tfc,4,8,4,8,0,0,novo
./tfcs/edinelco/s1/S1-RFMK3.tfc,4,8,4,8,0,0,antigo-novo
./tfcs/edinelco/s1/S1-RFMK3.tfc,4,8,4,8,0,0,novo-antigo
./tfcs/edinelco/s1/S1-RFMK3_inv.tfc,4,10,4,11,0,-1,antigo
./tfcs/edinelco/s1/S1-RFMK3_inv.tfc,4,10,4,10,0,0,novo
./tfcs/edinelco/s1/S1-RFMK3_inv.tfc,4,10,4,11,0,-1,antigo-novo
./tfcs/edinelco/s1/S1-RFMK3_inv.tfc,4,10,4,10,0,0,novo-antigo
./tfcs/edinelco/s1/S1-Saeedi07.tfc,2,6,2,6,0,0,antigo
./tfcs/edinelco/s1/S1-Saeedi07.tfc,2,6,2,6,0,0,novo
./tfcs/edinelco/s1/S1-Saeedi07.tfc,2,6,2,6,0,0,antigo-novo
./tfcs/edinelco/s1/S1-Saeedi07.tfc,2,6,2,6,0,0,novo-antigo
./tfcs/edinelco/s1/S1-Saeedi07_inv.tfc,2,6,2,6,0,0,antigo
./tfcs/edinelco/s1/S1-Saeedi07_inv.tfc,2,6,2,6,0,0,novo
./tfcs/edinelco/s1/S1-Saeedi07_inv.tfc,2,6,2,6,0,0,antigo-novo
./tfcs/edinelco/s1/S1-Saeedi07_inv.tfc,2,6,2,6,0,0,novo-antigo
./tfcs/edinelco/s1/S1-ZLZPZ.tfc,8,42,8,42,0,0,antigo
./tfcs/edinelco/s1/S1-ZLZPZ.tfc,8,42,8,42,0,0,novo
./tfcs/edinelco/s1/S1-ZLZPZ.tfc,8,42,8,42,0,0,antigo-novo
./tfcs/edinelco/s1/S1-ZLZPZ.tfc,8,42,8,42,0,0,novo-antigo
./tfcs/edinelco/s1/S1-ZLZPZ_inv.tfc,8,42,8,42,0,0,antigo
./tfcs/edinelco/s1/S1-ZLZPZ_inv.tfc,8,42,8,42,0,0,novo
./tfcs/edinelco/s1/S1-ZLZPZ_inv.tfc,8,42,8,42,0,0,antigo-novo
./tfcs/edinelco/s1/S1-ZLZPZ_inv.tfc,8,42,8,42,0,0,novo-antigo
./tfcs/edinelco/s1/S1-aj-e11_complete_74(81).tfc,9,103,9,103,0,0,antigo
./tfcs/edinelco/s1/S1-aj-e11_complete_74(81).tfc,9,103,9,103,0,0,novo
./tfcs/edinelco/s1/S1-aj-e11_complete_74(81).tfc,9,103,9,103,0,0,antigo-novo
./tfcs/edinelco/s1/S1-aj-e11_complete_74(81).tfc,9,103,9,103,0,0,novo-antigo
./tfcs/edinelco/s1/S1-aj-e11_complete_74(81)_inv.tfc,9,103,9,103,0,0,antigo
./tfcs/edinelco/s1/S1-aj-e11_complete_74(81)_inv.tfc,9,103,9,103,0,0,novo
./tfcs/edinelco/s1/S1-aj-e11_complete_74(81)_inv.tfc,9,103,9,103,0,0,antigo-novo
./tfcs/edinelco/s1/S1-aj-e11_complete_74(81)_inv.tfc,9,103,9,103,0,0,novo-antigo
./tfcs/edinelco/s1/S1-ex-1_82.tfc,4,16,4,16,0,0,antigo
./tfcs/edinelco/s1/S1-ex-1_82.tfc,4,16,4,16,0,0,novo
./tfcs/edinelco/s1/S1-ex-1_82.tfc,4,16,4,16,0,0,antigo-novo
./tfcs/edinelco/s1/S1-ex-1_82.tfc,4,16,4,16,0,0,novo-antigo
./tfcs/edinelco/s1/S1-ex-1_82_inv.tfc,4,16,4,16,0,0,antigo
./tfcs/edinelco/s1/S1-ex-1_82_inv.tfc,4,16,4,16,0,0,novo
./tfcs/edinelco/s1/S1-ex-1_82_inv.tfc,4,16,4,16,0,0,antigo-novo
./tfcs/edinelco/s1/S1-ex-1_82_inv.tfc,4,16,4,16,0,0,novo-antigo
./tfcs/edinelco/s1/S1-ex1Miller.tfc,3,15,3,15,0,0,antigo
./tfcs/edinelco/s1/S1-ex1Miller.tfc,3,15,3,15,0,0,novo
./tfcs/edinelco/s1/S1-ex1Miller.tfc,3,15,3,15,0,0,antigo-novo
./tfcs/edinelco/s1/S1-ex1Miller.tfc,3,15,3,15,0,0,novo-antigo
./tfcs/edinelco/s1/S1-ex2Miller.tfc,5,28,5,28,0,0,antigo
./tfcs/edinelco/s1/S1-ex2Miller.tfc,5,28,5,28,0,0,novo
./tfcs/edinelco/s1/S1-ex2Miller.tfc,5,28,5,28,0,0,antigo-novo
./tfcs/edinelco/s1/S1-ex2Miller.tfc,5,28,5,28,0,0,novo-antigo
./tfcs/edinelco/s1/S1-ex3Miller.tfc,7,97,7,97,0,0,antigo
./tfcs/edinelco/s1/S1-ex3Miller.tfc,7,97,7,97,0,0,novo
./tfcs/edinelco/s1/S1-ex3Miller.tfc,7,97,7,97,0,0,antigo-novo
./tfcs/edinelco/s1/S1-ex3Miller.tfc,7,97,7,97,0,0,novo-antigo
./tfcs/edinelco/s1/S1-ex4Miller.tfc,3,7,3,7,0,0,antigo
./tfcs/edinelco/s1/S1-ex4Miller.tfc,3,7,3,7,0,0,novo
./tfcs/edinelco/s1/S1-ex4Miller.tfc,3,7,3,7,0,0,antigo-novo
./tfcs/edinelco/s1/S1-ex4Miller.tfc,3,7,3,7,0,0,novo-antigo
./tfcs/edinelco/s1/S1-ex4Miller_inv.tfc,3,10,3,9,0,1,antigo
./tfcs/edinelco/s1/S1-ex4Miller_inv.tfc,3,10,3,10,0,0,novo
./tfcs/edinelco/s1/S1-ex4Miller_inv.tfc,3,10,3,9,0,1,antigo-novo
./tfcs/edinelco/s1/S1-ex4Miller_inv.tfc,3,10,3,10,0,0,novo-antigo
./tfcs/edinelco/s1/S1-ex5Miller.tfc,4,20,4,20,0,0,antigo
./tfcs/edinelco/s1/S1-ex5Miller.tfc,4,20,4,20,0,0,novo
./tfcs/edinelco/s1/S1-ex5Miller.tfc,4,20,4,20,0,0,antigo-novo
./tfcs/edinelco/s1/S1-ex5Miller.tfc,4,20,4,20,0,0,novo-antigo
./tfcs/edinelco/s1/S1-ex5Miller_inv.tfc,4,25,4,25,0,0,antigo
./tfcs/edinelco/s1/S1-ex5Miller_inv.tfc,4,25,4,25,0,0,novo
./tfcs/edinelco/s1/S1-ex5Miller_inv.tfc,4,25,4,25,0,0,antigo-novo
./tfcs/edinelco/s1/S1-ex5Miller_inv.tfc,4,25,4,25,0,0,novo-antigo
./tfcs/edinelco/s1/S1-ex6Miller.tfc,21,265,20,244,1,21,antigo
./tfcs/edinelco/s1/S1-ex6Miller.tfc,21,265,20,244,1,21,novo
./tfcs/edinelco/s1/S1-ex6Miller.tfc,21,265,20,244,1,21,antigo-novo
./tfcs/edinelco/s1/S1-ex6Miller.tfc,21,265,20,244,1,21,novo-antigo
./tfcs/edinelco/s1/S1-ex6Miller_inv.tfc,16,185,16,185,0,0,antigo
./tfcs/edinelco/s1/S1-ex6Miller_inv.tfc,16,185,18,180,-2,5,novo
./tfcs/edinelco/s1/S1-ex6Miller_inv.tfc,16,185,18,180,-2,5,antigo-novo
./tfcs/edinelco/s1/S1-ex6Miller_inv.tfc,16,185,16,168,0,17,novo-antigo
./tfcs/edinelco/s1/S1-ex7Miller.tfc,16,185,16,185,0,0,antigo
./tfcs/edinelco/s1/S1-ex7Miller.tfc,16,185,18,180,-2,5,novo
./tfcs/edinelco/s1/S1-ex7Miller.tfc,16,185,18,180,-2,5,antigo-novo
./tfcs/edinelco/s1/S1-ex7Miller.tfc,16,185,16,168,0,17,novo-antigo
./tfcs/edinelco/s1/S1-ex7Miller_inv.tfc,21,265,20,244,1,21,antigo
./tfcs/edinelco/s1/S1-ex7Miller_inv.tfc,21,265,20,244,1,21,novo
./tfcs/edinelco/s1/S1-ex7Miller_inv.tfc,21,265,20,244,1,21,antigo-novo
./tfcs/edinelco/s1/S1-ex7Miller_inv.tfc,21,265,20,244,1,21,novo-antigo
./tfcs/edinelco/s1/S1-graycode6_complete_19.tfc,5,5,5,5,0,0,antigo
./tfcs/edinelco/s1/S1-graycode6_complete_19.tfc,5,5,5,5,0,0,novo
./tfcs/edinelco/s1/S1-graycode6_complete_19.tfc,5,5,5,5,0,0,antigo-novo
./tfcs/edinelco/s1/S1-graycode6_complete_19.tfc,5,5,5,5,0,0,novo-antigo
./tfcs/edinelco/s1/S1-graycode6_complete_19_inv.tfc,5,5,5,5,0,0,antigo
./tfcs/edinelco/s1/S1-graycode6_complete_19_inv.tfc,5,5,5,5,0,0,novo
./tfcs/edinelco/s1/S1-graycode6_complete_19_inv.tfc,5,5,5,5,0,0,antigo-novo
./tfcs/edinelco/s1/S1-graycode6_complete_19_inv.tfc,5,5,5,5,0,0,novo-antigo
./tfcs/edinelco/s1/S1-ham3_complete_47(28).tfc,7,35,6,26,1,9,antigo
./tfcs/edinelco/s1/S1-ham3_complete_47(28).tfc,7,35,6,26,1,9,novo
./tfcs/edinelco/s1/S1-ham3_complete_47(28).tfc,7,35,6,26,1,9,antigo-novo
./tfcs/edinelco/s1/S1-ham3_complete_47(28).tfc,7,35,6,26,1,9,novo-antigo
./tfcs/edinelco/s1/S1-ham3_complete_47(28)_inv.tfc,7,33,7,32,0,1,antigo
./tfcs/edinelco/s1/S1-ham3_complete_47(28)_inv.tfc,7,33,7,33,0,0,novo
./tfcs/edinelco/s1/S1-ham3_complete_47(28)_inv.tfc,7,33,7,32,0,1,antigo-novo
./tfcs/edinelco/s1/S1-ham3_complete_47(28)_inv.tfc,7,33,7,33,0,0,novo-antigo
./tfcs/edinelco/s1/S1-ham7.tfc,88,8168,88,8168,0,0,antigo
./tfcs/edinelco/s1/S1-ham7.tfc,88,8168,90,8174,-2,-6,novo
./tfcs/edinelco/s1/S1-ham7.tfc,88,8168,90,8174,-2,-6,antigo-novo
./tfcs/edinelco/s1/S1-ham7.tfc,88,8168,89,8129,-1,39,novo-antigo
./tfcs/edinelco/s1/S1-ham7_inv.tfc,481,58817,464,56368,17,2449,antigo
./tfcs/edinelco/s1/S1-ham7_inv.tfc,481,58817,470,57238,11,1579,novo
./tfcs/edinelco/s1/S1-ham7_inv.tfc,481,58817,464,56360,17,2457,antigo-novo
./tfcs/edinelco/s1/S1-ham7_inv.tfc,481,58817,462,56110,19,2707,novo-antigo
./tfcs/edinelco/s1/S1-hwb4.tfc,30,316,29,294,1,22,antigo
./tfcs/edinelco/s1/S1-hwb4.tfc,30,316,29,270,1,46,novo
./tfcs/edinelco/s1/S1-hwb4.tfc,30,316,29,274,1,42,antigo-novo
./tfcs/edinelco/s1/S1-hwb4.tfc,30,316,29,270,1,46,novo-antigo
./tfcs/edinelco/s1/S1-hwb4_inv.tfc,19,164,19,164,0,0,antigo
./tfcs/edinelco/s1/S1-hwb4_inv.tfc,19,164,19,164,0,0,novo
./tfcs/edinelco/s1/S1-hwb4_inv.tfc,19,164,19,164,0,0,antigo-novo
./tfcs/edinelco/s1/S1-hwb4_inv.tfc,19,164,19,164,0,0,novo-antigo
./tfcs/edinelco/s1/S1-hwb5_13.tfc,43,820,43,820,0,0,antigo
./tfcs/edinelco/s1/S1-hwb5_13.tfc,43,820,45,826,-2,-6,novo
./tfcs/edinelco/s1/S1-hwb5_13.tfc,43,820,45,826,-2,-6,antigo-novo
./tfcs/edinelco/s1/S1-hwb5_13.tfc,43,820,43,820,0,0,novo-antigo
./tfcs/edinelco/s1/S1-hwb5_13_inv.tfc,53,1094,52,1049,1,45,antigo
./tfcs/edinelco/s1/S1-hwb5_13_inv.tfc,53,1094,58,1152,-5,-58,novo
./tfcs/edinelco/s1/S1-hwb5_13_inv.tfc,53,1094,57,1107,-4,-13,antigo-novo
./tfcs/edinelco/s1/S1-hwb5_13_inv.tfc,53,1094,55,1077,-2,17,novo-antigo
./tfcs/edinelco/s1/S1-hwb6.tfc,105,4554,103,4368,2,186,antigo
./tfcs/edinelco/s1/S1-hwb6.tfc,105,4554,105,4579,0,-25,novo
./tfcs/edinelco/s1/S1-hwb6.tfc,105,4554,103,4465,2,89,antigo-novo
./tfcs/edinelco/s1/S1-hwb6.tfc,105,4554,105,4579,0,-25,novo-antigo
./tfcs/edinelco/s1/S1-hwb6_inv.tfc,103,4516,103,4516,0,0,antigo
./tfcs/edinelco/s1/S1-hwb6_inv.tfc,103,4516,107,4710,-4,-194,novo
./tfcs/edinelco/s1/S1-hwb6_inv.tfc,103,4516,108,4731,-5,-215,antigo-novo
./tfcs/edinelco/s1/S1-hwb6_inv.tfc,103,4516,107,4710,-4,-194,novo-antigo
./tfcs/edinelco/s1/S1-hwb7_15.tfc,396,41123,382,38861,14,2262,antigo
./tfcs/edinelco/s1/S1-hwb7_15.tfc,396,41123,397,40270,-1,853,novo
./tfcs/edinelco/s1/S1-hwb7_15.tfc,396,41123,394,40244,2,879,antigo-novo
./tfcs/edinelco/s1/S1-hwb7_15.tfc,396,41123,387,39124,9,1999,novo-antigo
./tfcs/edinelco/s1/S1-hwb7_15_inv.tfc,282,27180,278,26424,4,756,antigo
./tfcs/edinelco/s1/S1-hwb7_15_inv.tfc,282,27180,283,26529,-1,651,novo
./tfcs/edinelco/s1/S1-hwb7_15_inv.tfc,282,27180,285,26843,-3,337,antigo-novo
./tfcs/edinelco/s1/S1-hwb7_15_inv.tfc,282,27180,282,26484,0,696,novo-antigo
./tfcs/edinelco/s1/S1-miller_complete_5.tfc,5,29,5,29,0,0,antigo
./tfcs/edinelco/s1/S1-miller_complete_5.tfc,5,29,5,29,0,0,novo
./tfcs/edinelco/s1/S1-miller_complete_5.tfc,5,29,5,29,0,0,antigo-novo
./tfcs/edinelco/s1/S1-miller_complete_5.tfc,5,29,5,29,0,0,novo-antigo
./tfcs/edinelco/s1/S1-mod5adder.tfc,21,660,21,660,0,0,antigo
./tfcs/edinelco/s1/S1-mod5adder.tfc,21,660,20,671,1,-11,novo
./tfcs/edinelco/s1/S1-mod5adder.tfc,21,660,20,671,1,-11,antigo-novo
./tfcs/edinelco/s1/S1-mod5adder.tfc,21,660,20,671,1,-11,novo-antigo
./tfcs/edinelco/s1/S1-mod5adder_inv.tfc,23,765,22,761,1,4,antigo
./tfcs/edinelco/s1/S1-mod5adder_inv.tfc,23,765,24,803,-1,-38,novo
./tfcs/edinelco/s1/S1-mod5adder_inv.tfc,23,765,24,803,-1,-38,antigo-novo
./tfcs/edinelco/s1/S1-mod5adder_inv.tfc,23,765,24,803,-1,-38,novo-antigo
./tfcs/edinelco/s1/S1-mod5mils_complete_26(18).tfc,5,121,5,121,0,0,antigo
./tfcs/edinelco/s1/S1-mod5mils_complete_26(18).tfc,5,121,5,121,0,0,novo
./tfcs/edinelco/s1/S1-mod5mils_complete_26(18).tfc,5,121,5,121,0,0,antigo-novo
./tfcs/edinelco/s1/S1-mod5mils_complete_26(18).tfc,5,121,5,121,0,0,novo-antigo
./tfcs/edinelco/s1/S1-mod5mils_complete_26(18)_inv.tfc,3,29,3,29,0,0,antigo
./tfcs/edinelco/s1/S1-mod5mils_complete_26(18)_inv.tfc,3,29,5,23,-2,6,novo
./tfcs/edinelco/s1/S1-mod5mils_complete_26(18)_inv.tfc,3,29,5,23,-2,6,antigo-novo
./tfcs/edinelco/s1/S1-mod5mils_complete_26(18)_inv.tfc,3,29,3,13,0,16,novo-antigo
./tfcs/edinelco/s1/S1-nth_prime3_inc.tfc,5,17,5,17,0,0,antigo
./tfcs/edinelco/s1/S1-nth_prime3_inc.tfc,5,17,5,17,0,0,novo
./tfcs/edinelco/s1/S1-nth_prime3_inc.tfc,5,17,4,16,1,1,antigo-novo
./tfcs/edinelco/s1/S1-nth_prime3_inc.tfc,5,17,5,17,0,0,novo-antigo
./tfcs/edinelco/s1/S1-nth_prime3_inc_inv.tfc,5,25,5,25,0,0,antigo
./tfcs/edinelco/s1/S1-nth_prime3_inc_inv.tfc,5,25,5,25,0,0,novo
./tfcs/edinelco/s1/S1-nth_prime3_inc_inv.tfc,5,25,5,25,0,0,antigo-novo
./tfcs/edinelco/s1/S1-nth_prime3_inc_inv.tfc,5,25,5,25,0,0,novo-antigo
./tfcs/edinelco/s1/S1-nth_prime4_inc.tfc,13,127,13,127,0,0,antigo
./tfcs/edinelco/s1/S1-nth_prime4_inc.tfc,13,127,15,139,-2,-12,novo
./tfcs/edinelco/s1/S1-nth_prime4_inc.tfc,13,127,15,139,-2,-12,antigo-novo
./tfcs/edinelco/s1/S1-nth_prime4_inc.tfc,13,127,13,127,0,0,novo-antigo
./tfcs/edinelco/s1/S1-nth_prime4_inc_inv.tfc,14,115,14,115,0,0,antigo
./tfcs/edinelco/s1/S1-nth_prime4_inc_inv.tfc,14,115,14,106,0,9,novo
./tfcs/edinelco/s1/S1-nth_prime4_inc_inv.tfc,14,115,14,106,0,9,antigo-novo
./tfcs/edinelco/s1/S1-nth_prime4_inc_inv.tfc,14,115,14,106,0,9,novo-antigo
./tfcs/edinelco/s1/S1-nth_prime5_inc.tfc,50,1070,50,1070,0,0,antigo
./tfcs/edinelco/s1/S1-nth_prime5_inc.tfc,50,1070,50,1083,0,-13,novo
./tfcs/edinelco/s1/S1-nth_prime5_inc.tfc,50,1070,50,1083,0,-13,antigo-novo
./tfcs/edinelco/s1/S1-nth_prime5_inc.tfc,50,1070,50,1083,0,-13,novo-antigo
./tfcs/edinelco/s1/S1-nth_prime5_inc_inv.tfc,44,887,43,883,1,4,antigo
./tfcs/edinelco/s1/S1-nth_prime5_inc_inv.tfc,44,887,42,838,2,49,novo
./tfcs/edinelco/s1/S1-nth_prime5_inc_inv.tfc,44,887,44,880,0,7,antigo-novo
./tfcs/edinelco/s1/S1-nth_prime5_inc_inv.tfc,44,887,42,838,2,49,novo-antigo
./tfcs/edinelco/s1/S1-nth_prime6_inc.tfc,79,3044,78,2951,1,93,antigo
./tfcs/edinelco/s1/S1-nth_prime6_inc.tfc,79,3044,79,2956,0,88,novo
./tfcs/edinelco/s1/S1-nth_prime6_inc.tfc,79,3044,78,2944,1,100,antigo-novo
./tfcs/edinelco/s1/S1-nth_prime6_inc.tfc,79,3044,77,2950,2,94,novo-antigo
./tfcs/edinelco/s1/S1-nth_prime6_inc_inv.tfc,135,6534,127,5982,8,552,antigo
./tfcs/edinelco/s1/S1-nth_prime6_inc_inv.tfc,135,6534,137,6450,-2,84,novo
./tfcs/edinelco/s1/S1-nth_prime6_inc_inv.tfc,135,6534,132,6194,3,340,antigo-novo
./tfcs/edinelco/s1/S1-nth_prime6_inc_inv.tfc,135,6534,130,6039,5,495,novo-antigo
./tfcs/edinelco/s1/S1-nth_prime7_inc.tfc,231,21859,228,21420,3,439,antigo
./tfcs/edinelco/s1/S1-nth_prime7_inc.tfc,231,21859,231,21579,0,280,novo
./tfcs/edinelco/s1/S1-nth_prime7_inc.tfc,231,21859,232,21648,-1,211,antigo-novo
./tfcs/edinelco/s1/S1-nth_prime7_inc.tfc,231,21859,229,21513,2,346,novo-antigo
./tfcs/edinelco/s1/S1-nth_prime7_inc_inv.tfc,305,31304,294,29865,11,1439,antigo
./tfcs/edinelco/s1/S1-nth_prime7_inc_inv.tfc,305,31304,309,31262,-4,42,novo
./tfcs/edinelco/s1/S1-nth_prime7_inc_inv.tfc,305,31304,301,30278,4,1026,antigo-novo
./tfcs/edinelco/s1/S1-nth_prime7_inc_inv.tfc,305,31304,297,30317,8,987,novo-antigo
./tfcs/edinelco/s1/S1-quali.tfc,7,25,7,23,0,2,antigo
./tfcs/edinelco/s1/S1-quali.tfc,7,25,7,25,0,0,novo
./tfcs/edinelco/s1/S1-quali.tfc,7,25,7,25,0,0,antigo-novo
./tfcs/edinelco/s1/S1-quali.tfc,7,25,7,25,0,0,novo-antigo
./tfcs/edinelco/s1/S1-quali_inv.tfc,5,13,5,15,0,-2,antigo
./tfcs/edinelco/s1/S1-quali_inv.tfc,5,13,5,13,0,0,novo
./tfcs/edinelco/s1/S1-quali_inv.tfc,5,13,5,15,0,-2,antigo-novo
./tfcs/edinelco/s1/S1-quali_inv.tfc,5,13,5,13,0,0,novo-antigo
./tfcs/edinelco/s1/S1-quali_inv_inv.tfc,7,25,7,23,0,2,antigo
./tfcs/edinelco/s1/S1-quali_inv_inv.tfc,7,25,7,25,0,0,novo
./tfcs/edinelco/s1/S1-quali_inv_inv.tfc,7,25,7,25,0,0,antigo-novo
./tfcs/edinelco/s1/S1-quali_inv_inv.tfc,7,25,7,25,0,0,novo-antigo
./tfcs/edinelco/s1/S1-toffoli_1.tfc,1,5,1,5,0,0,antigo
./tfcs/edinelco/s1/S1-toffoli_1.tfc,1,5,1,5,0,0,novo
./tfcs/edinelco/s1/S1-toffoli_1.tfc,1,5,1,5,0,0,antigo-novo
./tfcs/edinelco/s1/S1-toffoli_1.tfc,1,5,1,5,0,0,novo-antigo
./tfcs/edinelco/s1/S1-toffoli_double_2.tfc,2,26,2,26,0,0,antigo
./tfcs/edinelco/s1/S1-toffoli_double_2.tfc,2,26,2,26,0,0,novo
./tfcs/edinelco/s1/S1-toffoli_double_2.tfc,2,26,2,26,0,0,antigo-novo
./tfcs/edinelco/s1/S1-toffoli_double_2.tfc,2,26,2,26,0,0,novo-antigo
